9.555 2939
9.289 3273
9.281 3641
8.788 3963
8.810 4309
8.450 4650
9.375 4984
9.263 5339
8.859 5697
9.224 6066
7.397 6344
9.186 6703
9.846 7095
9.247 7424
7.885 7721
9.592 8131
9.469 8475
7.216 8746
9.755 9110
9.385 9494
8.736 9849
7.721 10153
9.002 10533
8.110 10861
9.412 11260
8.862 11605
8.998 11961
9.395 12359
8.263 12692
7.512 12991
9.606 13347
8.411 13681
8.924 14034
8.417 14365
8.548 14704
7.524 14999
8.670 15360
8.794 15718
8.303 16053
8.219 16394
8.599 16712
9.408 17092
7.478 17382
8.228 17717
7.796 18005
8.671 18317
