9.555 2939
9.289 3273
9.281 3641
8.788 3963
8.810 4309
8.450 4650
9.375 4984
9.263 5339
8.859 5697
9.224 6066
7.397 6344
9.186 6703
9.846 7095
9.247 7424
7.885 7721
9.592 8131
9.469 8475
7.216 8746
9.755 9110
9.385 9494 20160813
8.736 9849 20160818
7.721 10153 20160822
9.002 10533 20160825
8.110 10861 20160829
9.412 11260 20160902
8.862 11605 20160908
8.998 11961 20160913
9.395 12359 20160916
8.263 12692 20160920
7.512 12991 20160923
9.606 13347 20160928
8.411 13681 20161001
8.924 14034 20161005
8.417 14365 20161011
8.548 14704 20161014
7.524 14999 20161018
8.670 15360 20161021
8.794 15718 20161027
8.303 16053 20161031
8.219 16394 20161103
8.599 16712 20161108
9.408 17092 20161111
7.478 17382 20161115
8.228 17717 20161118
7.796 18005 20161122
8.671 18317 20161128
